4294967278,242
4294967278,241
4294967279,239
4294967279,238
4294967278,356
4294967279,235
4294967294,424
4294967294,43
4294967278,235
4294967294,82
4294967294,92
4294967294,88
4294967294,81
4294967294,1098
4294967294,11
4294967279,233
4294967278,132
4294967278,131
4294967278,130
4294967278,129
4294967278,128
4294967278,127
4294967278,126
4294967278,125
4294967278,124
4294967278,123
4294967278,122
4294967278,121
4294967278,120
4294967278,119
4294967278,118
4294967278,116
4294967278,115
4294967278,111
4294967278,109
4294967278,107
4294967278,106
4294967278,104
4294967278,103
4294967278,102
4294967278,101
4294967278,97
4294967278,95
4294967278,94
4294967278,93
4294967278,92
4294967278,90
4294967278,89
4294967278,87
4294967278,86
4294967278,84
4294967278,83
4294967278,82
4294967278,80
4294967278,79
4294967278,78
4294967278,77
4294967278,76
4294967278,75
4294967278,74
4294967278,73
4294967278,72
4294967278,71
4294967278,70
4294967278,69
4294967278,68
4294967278,67
4294967278,66
4294967278,65
4294967278,64
4294967278,63
4294967278,62
4294967278,61
4294967278,60
4294967278,59
4294967278,58
4294967278,57
4294967278,56
4294967278,55
4294967278,54
4294967278,53
4294967278,52
4294967278,51
4294967278,50
4294967278,49
4294967278,48
4294967278,47
4294967278,46
4294967278,45
4294967278,44
4294967278,43
4294967278,42
4294967278,41
4294967278,40
4294967278,39
4294967278,38
4294967278,233
4294967279,232
4294967279,229
4294967278,226
4294967279,226
4294967278,117
4294967279,20
4294967279,18
4294967279,15
4294967279,11
4294967279,10
4294967279,9
4294967279,8
4294967279,7
4294967279,6
4294967279,5
4294967279,4
4294967278,222
4294967278,218
4294967279,215
4294967279,319
4294967278,213
4294967279,213
4294967294,7
4294967278,211
4294967278,114
4294967278,105
4294967294,93
4294967294,95
4294967278,326
4294967278,113
4294967279,318
4294967278,208
4294967279,208
4294967279,569
4294967279,317
4294967278,112
4294967278,110
4294967278,108
4294967279,204
4294967278,353
4294967279,568
4294967278,202
4294967278,322
4294967279,201
4294967278,376
4294967279,200
4294967278,199
4294967278,221
4294967278,355
4294967278,100
4294967278,354
4294967278,99
4294967278,98
4294967278,96
4294967278,91
4294967278,85
4294967279,535
4294967279,546
4294967279,545
4294967279,260
4294967279,40
4294967279,39
4294967279,38
4294967279,37
4294967279,36
4294967279,35
4294967279,34
4294967279,32
4294967279,28
4294967279,27
4294967279,26
4294967279,25
4294967279,23
4294967279,544
4294967278,375
4294967279,197
4294967279,542
4294967278,352
4294967279,195
4294967278,81
4294967278,351
4294967279,567
4294967279,539
4294967278,319
4294967279,313
4294967279,192
4294967278,191
4294967279,191
4294967279,188
4294967279,187
4294967278,186
4294967279,186
4294967279,185
4294967279,184
4294967278,181
4294967278,180
4294967279,180
4294967278,179
4294967279,179
4294967278,178
4294967279,178
4294967278,177
4294967279,177
4294967278,176
4294967279,176
4294967278,175
4294967278,173
0,5
4294967294,437
4294967278,172
4294967278,306
4294967279,299
4294967278,304
4294967279,169
4294967278,168
4294967279,168
4294967279,297
4294967278,303
4294967279,167
4294967278,166
4294967278,165
4294967279,165
4294967278,162
4294967278,164
47,5
4294967279,164
47,4
47,3
47,2
47,1
4294967278,374
4294967279,163
4294967278,161
4294967279,161
4294967278,160
4294967279,566
4294967278,159
4294967278,158
4294967278,373
4294967279,156
4294967278,372
4294967278,346
4294967278,0
4294967279,155
4294967279,565
4294967278,344
4294967279,534
4294967278,342
4294967278,151
4294967278,150
45,5
45,4
45,3
45,2
45,1
4294967278,294
4294967279,148
4294967279,33
4294967278,146
4294967279,528
4294967279,30
4294967278,293
4294967279,31
4294967279,526
4294967278,142
43,6
4294967294,1422
4294967294,1421
4294967294,471
4294967279,140
4294967279,564
4294967279,29
4294967278,335
4294967279,139
43,5
4294967279,24
43,4
43,3
43,2
43,1
4294967279,285
4294967278,136
4294967279,135
4294967278,135
4294967294,436
4294967279,271
4294967278,134
4294967279,284
4294967278,133
42,5
4294967278,288
4294967279,283
42,4
42,3
42,2
42,1
4294967278,286
4294967278,333
4294967279,276
4294967278,281
4294967279,261
4294967278,264
4294967278,265
41,5
41,4
41,3
41,2
41,1
4294967279,258
4294967279,257
4294967294,6
4294967278,261
4294967279,256
4294967279,255
40,5
4294967278,278
4294967279,253
4294967278,258
40,4
4294967279,520
40,3
40,2
40,1
4294967278,257
4294967278,332
4294967294,470
4294967279,517
4294967294,395
4294967294,385
4294967294,178
4294967294,168
4294967294,406
4294967294,465
4294967294,112
4294967294,119
4294967294,456
4294967294,189
4294967294,180
4294967278,331
4294967278,256
4294967279,252
4294967278,330
4294967279,515
4294967278,371
4294967279,563
4294967278,254
4294967279,249
4294967278,246
4294967294,389
4294967294,115
4294967279,242
4294967278,239
4294967279,562
4294967278,237
4294967279,236
4294967278,236
4294967278,230
4294967278,234
4294967278,231
4294967279,231
4294967278,229
